0 0.265467 0.695263 0.013184 0.023225
0 0.770805 0.610844 0.039904 0.074312
0 0.298776 0.665525 0.034978 0.062300
0 0.299849 0.787688 0.023934 0.046125
0 0.389607 0.451050 0.074890 0.036800
0 0.389607 0.486650 0.075243 0.036800
0 0.986551 0.623181 0.023588 0.025063
0 0.987827 0.660100 0.021419 0.026725
0 0.547154 0.676869 0.025162 0.045112
0 0.986055 0.581575 0.024963 0.054800
0 0.390316 0.519219 0.075956 0.035563
0 0.390496 0.554531 0.076316 0.033787
0 0.390585 0.589075 0.076493 0.035900
0 0.385702 0.624663 0.053596 0.030450
