0 0.738169 0.513037 0.030912 0.053525
0 0.914930 0.571769 0.044816 0.022863
0 0.897379 0.430800 0.034360 0.025400
0 0.236640 0.575250 0.013265 0.017800
0 0.236493 0.557206 0.011500 0.014288
0 0.235680 0.542544 0.009875 0.014037
0 0.290739 0.606319 0.012963 0.025512
0 0.087500 0.563450 0.021397 0.038175
0 0.737331 0.453381 0.042691 0.068288
0 0.304151 0.653337 0.039625 0.068075
0 0.446809 0.666081 0.009103 0.021388
0 0.779015 0.427994 0.044412 0.075262
0 0.914746 0.595894 0.044449 0.026662
0 0.897191 0.509856 0.034735 0.019688
